;uid[1];uid[1]@xsi:type;etatCivil[1];etatCivil[1]/ident[1];etatCivil[1]/ident[1]/civ[1];etatCivil[1]/ident[1]/prenom[1];etatCivil[1]/ident[1]/nom[1];etatCivil[1]/ident[1]/alpha[1];etatCivil[1]/ident[1]/trigramme[1];etatCivil[1]/infoNaissance[1];etatCivil[1]/infoNaissance[1]/dateNais[1];etatCivil[1]/infoNaissance[1]/villeNais[1];etatCivil[1]/infoNaissance[1]/depNais[1];etatCivil[1]/infoNaissance[1]/paysNais[1];etatCivil[1]/dateDeces[1];profession[1];profession[1]/libelleCourant[1];profession[1]/socProcINSEE[1];profession[1]/socProcINSEE[1]/catSocPro[1];profession[1]/socProcINSEE[1]/famSocPro[1];uri_hatvp[1];adresses[1];adresses[1]/adresse[1];adresses[1]/adresse[1]@xsi:type;adresses[1]/adresse[1]/uid[1];adresses[1]/adresse[1]/type[1];adresses[1]/adresse[1]/typeLibelle[1];adresses[1]/adresse[1]/poids[1];adresses[1]/adresse[1]/adresseDeRattachement[1];adresses[1]/adresse[1]/intitule[1];adresses[1]/adresse[1]/numeroRue[1];adresses[1]/adresse[1]/nomRue[1];adresses[1]/adresse[1]/complementAdresse[1];adresses[1]/adresse[1]/codePostal[1];adresses[1]/adresse[1]/ville[1];adresses[1]/adresse[2];adresses[1]/adresse[2]@xsi:type;adresses[1]/adresse[2]/uid[1];adresses[1]/adresse[2]/type[1];adresses[1]/adresse[2]/typeLibelle[1];adresses[1]/adresse[2]/poids[1];adresses[1]/adresse[2]/adresseDeRattachement[1];adresses[1]/adresse[2]/valElec[1];adresses[1]/adresse[3];adresses[1]/adresse[3]@xsi:type;adresses[1]/adresse[3]/uid[1];adresses[1]/adresse[3]/type[1];adresses[1]/adresse[3]/typeLibelle[1];adresses[1]/adresse[3]/poids[1];adresses[1]/adresse[3]/adresseDeRattachement[1];adresses[1]/adresse[3]/valElec[1];adresses[1]/adresse[4];adresses[1]/adresse[4]@xsi:type;adresses[1]/adresse[4]/uid[1];adresses[1]/adresse[4]/type[1];adresses[1]/adresse[4]/typeLibelle[1];adresses[1]/adresse[4]/poids[1];adresses[1]/adresse[4]/adresseDeRattachement[1];adresses[1]/adresse[4]/valElec[1];mandats[1];mandats[1]/mandat[1];mandats[1]/mandat[1]@xsi:type;mandats[1]/mandat[1]/uid[1];mandats[1]/mandat[1]/acteurRef[1];mandats[1]/mandat[1]/legislature[1];mandats[1]/mandat[1]/typeOrgane[1];mandats[1]/mandat[1]/dateDebut[1];mandats[1]/mandat[1]/datePublication[1];mandats[1]/mandat[1]/dateFin[1];mandats[1]/mandat[1]/preseance[1];mandats[1]/mandat[1]/nominPrincipale[1];mandats[1]/mandat[1]/infosQualite[1];mandats[1]/mandat[1]/infosQualite[1]/codeQualite[1];mandats[1]/mandat[1]/infosQualite[1]/libQualite[1];mandats[1]/mandat[1]/infosQualite[1]/libQualiteSex[1];mandats[1]/mandat[1]/organes[1];mandats[1]/mandat[1]/organes[1]/organeRef[1];mandats[1]/mandat[1]/suppleants[1];mandats[1]/mandat[1]/suppleants[1]/suppleant[1];mandats[1]/mandat[1]/suppleants[1]/suppleant[1]/dateDebut[1];mandats[1]/mandat[1]/suppleants[1]/suppleant[1]/dateFin[1];mandats[1]/mandat[1]/suppleants[1]/suppleant[1]/suppleantRef[1];mandats[1]/mandat[1]/chambre[1];mandats[1]/mandat[1]/election[1];mandats[1]/mandat[1]/election[1]/lieu[1];mandats[1]/mandat[1]/election[1]/lieu[1]/region[1];mandats[1]/mandat[1]/election[1]/lieu[1]/regionType[1];mandats[1]/mandat[1]/election[1]/lieu[1]/departement[1];mandats[1]/mandat[1]/election[1]/lieu[1]/numDepartement[1];mandats[1]/mandat[1]/election[1]/lieu[1]/numCirco[1];mandats[1]/mandat[1]/election[1]/causeMandat[1];mandats[1]/mandat[1]/election[1]/refCirconscription[1];mandats[1]/mandat[1]/mandature[1];mandats[1]/mandat[1]/mandature[1]/datePriseFonction[1];mandats[1]/mandat[1]/mandature[1]/causeFin[1];mandats[1]/mandat[1]/mandature[1]/premiereElection[1];mandats[1]/mandat[1]/mandature[1]/placeHemicycle[1];mandats[1]/mandat[1]/mandature[1]/mandatRemplaceRef[1];mandats[1]/mandat[1]/collaborateurs[1];mandats[1]/mandat[1]/collaborateurs[1]/collaborateur[1];mandats[1]/mandat[1]/collaborateurs[1]/collaborateur[1]/qualite[1];mandats[1]/mandat[1]/collaborateurs[1]/collaborateur[1]/prenom[1];mandats[1]/mandat[1]/collaborateurs[1]/collaborateur[1]/nom[1];mandats[1]/mandat[1]/collaborateurs[1]/collaborateur[1]/dateDebut[1];mandats[1]/mandat[1]/collaborateurs[1]/collaborateur[1]/dateFin[1];mandats[1]/mandat[1]/collaborateurs[1]/collaborateur[2];mandats[1]/mandat[1]/collaborateurs[1]/collaborateur[2]/qualite[1];mandats[1]/mandat[1]/collaborateurs[1]/collaborateur[2]/prenom[1];mandats[1]/mandat[1]/collaborateurs[1]/collaborateur[2]/nom[1];mandats[1]/mandat[1]/collaborateurs[1]/collaborateur[2]/dateDebut[1];mandats[1]/mandat[1]/collaborateurs[1]/collaborateur[2]/dateFin[1];mandats[1]/mandat[2];mandats[1]/mandat[2]@xsi:type;mandats[1]/mandat[2]/uid[1];mandats[1]/mandat[2]/acteurRef[1];mandats[1]/mandat[2]/legislature[1];mandats[1]/mandat[2]/typeOrgane[1];mandats[1]/mandat[2]/dateDebut[1];mandats[1]/mandat[2]/datePublication[1];mandats[1]/mandat[2]/dateFin[1];mandats[1]/mandat[2]/preseance[1];mandats[1]/mandat[2]/nominPrincipale[1];mandats[1]/mandat[2]/infosQualite[1];mandats[1]/mandat[2]/infosQualite[1]/codeQualite[1];mandats[1]/mandat[2]/infosQualite[1]/libQualite[1];mandats[1]/mandat[2]/infosQualite[1]/libQualiteSex[1];mandats[1]/mandat[2]/organes[1];mandats[1]/mandat[2]/organes[1]/organeRef[1];mandats[1]/mandat[3];mandats[1]/mandat[3]@xsi:type;mandats[1]/mandat[3]/uid[1];mandats[1]/mandat[3]/acteurRef[1];mandats[1]/mandat[3]/legislature[1];mandats[1]/mandat[3]/typeOrgane[1];mandats[1]/mandat[3]/dateDebut[1];mandats[1]/mandat[3]/datePublication[1];mandats[1]/mandat[3]/dateFin[1];mandats[1]/mandat[3]/preseance[1];mandats[1]/mandat[3]/nominPrincipale[1];mandats[1]/mandat[3]/infosQualite[1];mandats[1]/mandat[3]/infosQualite[1]/codeQualite[1];mandats[1]/mandat[3]/infosQualite[1]/libQualite[1];mandats[1]/mandat[3]/infosQualite[1]/libQualiteSex[1];mandats[1]/mandat[3]/organes[1];mandats[1]/mandat[3]/organes[1]/organeRef[1];mandats[1]/mandat[4];mandats[1]/mandat[4]@xsi:type;mandats[1]/mandat[4]/uid[1];mandats[1]/mandat[4]/acteurRef[1];mandats[1]/mandat[4]/legislature[1];mandats[1]/mandat[4]/typeOrgane[1];mandats[1]/mandat[4]/dateDebut[1];mandats[1]/mandat[4]/datePublication[1];mandats[1]/mandat[4]/dateFin[1];mandats[1]/mandat[4]/preseance[1];mandats[1]/mandat[4]/nominPrincipale[1];mandats[1]/mandat[4]/infosQualite[1];mandats[1]/mandat[4]/infosQualite[1]/codeQualite[1];mandats[1]/mandat[4]/infosQualite[1]/libQualite[1];mandats[1]/mandat[4]/infosQualite[1]/libQualiteSex[1];mandats[1]/mandat[4]/organes[1];mandats[1]/mandat[4]/organes[1]/organeRef[1];mandats[1]/mandat[5];mandats[1]/mandat[5]@xsi:type;mandats[1]/mandat[5]/uid[1];mandats[1]/mandat[5]/acteurRef[1];mandats[1]/mandat[5]/legislature[1];mandats[1]/mandat[5]/typeOrgane[1];mandats[1]/mandat[5]/dateDebut[1];mandats[1]/mandat[5]/datePublication[1];mandats[1]/mandat[5]/dateFin[1];mandats[1]/mandat[5]/preseance[1];mandats[1]/mandat[5]/nominPrincipale[1];mandats[1]/mandat[5]/infosQualite[1];mandats[1]/mandat[5]/infosQualite[1]/codeQualite[1];mandats[1]/mandat[5]/infosQualite[1]/libQualite[1];mandats[1]/mandat[5]/infosQualite[1]/libQualiteSex[1];mandats[1]/mandat[5]/organes[1];mandats[1]/mandat[5]/organes[1]/organeRef[1];mandats[1]/mandat[6];mandats[1]/mandat[6]@xsi:type;mandats[1]/mandat[6]/uid[1];mandats[1]/mandat[6]/acteurRef[1];mandats[1]/mandat[6]/legislature[1];mandats[1]/mandat[6]/typeOrgane[1];mandats[1]/mandat[6]/dateDebut[1];mandats[1]/mandat[6]/datePublication[1];mandats[1]/mandat[6]/dateFin[1];mandats[1]/mandat[6]/preseance[1];mandats[1]/mandat[6]/nominPrincipale[1];mandats[1]/mandat[6]/infosQualite[1];mandats[1]/mandat[6]/infosQualite[1]/codeQualite[1];mandats[1]/mandat[6]/infosQualite[1]/libQualite[1];mandats[1]/mandat[6]/infosQualite[1]/libQualiteSex[1];mandats[1]/mandat[6]/organes[1];mandats[1]/mandat[6]/organes[1]/organeRef[1];mandats[1]/mandat[7];mandats[1]/mandat[7]@xsi:type;mandats[1]/mandat[7]/uid[1];mandats[1]/mandat[7]/acteurRef[1];mandats[1]/mandat[7]/legislature[1];mandats[1]/mandat[7]/typeOrgane[1];mandats[1]/mandat[7]/dateDebut[1];mandats[1]/mandat[7]/datePublication[1];mandats[1]/mandat[7]/dateFin[1];mandats[1]/mandat[7]/preseance[1];mandats[1]/mandat[7]/nominPrincipale[1];mandats[1]/mandat[7]/infosQualite[1];mandats[1]/mandat[7]/infosQualite[1]/codeQualite[1];mandats[1]/mandat[7]/infosQualite[1]/libQualite[1];mandats[1]/mandat[7]/infosQualite[1]/libQualiteSex[1];mandats[1]/mandat[7]/organes[1];mandats[1]/mandat[7]/organes[1]/organeRef[1];mandats[1]/mandat[8];mandats[1]/mandat[8]@xsi:type;mandats[1]/mandat[8]/uid[1];mandats[1]/mandat[8]/acteurRef[1];mandats[1]/mandat[8]/legislature[1];mandats[1]/mandat[8]/typeOrgane[1];mandats[1]/mandat[8]/dateDebut[1];mandats[1]/mandat[8]/datePublication[1];mandats[1]/mandat[8]/dateFin[1];mandats[1]/mandat[8]/preseance[1];mandats[1]/mandat[8]/nominPrincipale[1];mandats[1]/mandat[8]/infosQualite[1];mandats[1]/mandat[8]/infosQualite[1]/codeQualite[1];mandats[1]/mandat[8]/infosQualite[1]/libQualite[1];mandats[1]/mandat[8]/infosQualite[1]/libQualiteSex[1];mandats[1]/mandat[8]/organes[1];mandats[1]/mandat[8]/organes[1]/organeRef[1];mandats[1]/mandat[9];mandats[1]/mandat[9]@xsi:type;mandats[1]/mandat[9]/uid[1];mandats[1]/mandat[9]/acteurRef[1];mandats[1]/mandat[9]/legislature[1];mandats[1]/mandat[9]/typeOrgane[1];mandats[1]/mandat[9]/dateDebut[1];mandats[1]/mandat[9]/datePublication[1];mandats[1]/mandat[9]/dateFin[1];mandats[1]/mandat[9]/preseance[1];mandats[1]/mandat[9]/nominPrincipale[1];mandats[1]/mandat[9]/infosQualite[1];mandats[1]/mandat[9]/infosQualite[1]/codeQualite[1];mandats[1]/mandat[9]/infosQualite[1]/libQualite[1];mandats[1]/mandat[9]/infosQualite[1]/libQualiteSex[1];mandats[1]/mandat[9]/organes[1];mandats[1]/mandat[9]/organes[1]/organeRef[1];mandats[1]/mandat[10];mandats[1]/mandat[10]@xsi:type;mandats[1]/mandat[10]/uid[1];mandats[1]/mandat[10]/acteurRef[1];mandats[1]/mandat[10]/legislature[1];mandats[1]/mandat[10]/typeOrgane[1];mandats[1]/mandat[10]/dateDebut[1];mandats[1]/mandat[10]/datePublication[1];mandats[1]/mandat[10]/dateFin[1];mandats[1]/mandat[10]/preseance[1];mandats[1]/mandat[10]/nominPrincipale[1];mandats[1]/mandat[10]/infosQualite[1];mandats[1]/mandat[10]/infosQualite[1]/codeQualite[1];mandats[1]/mandat[10]/infosQualite[1]/libQualite[1];mandats[1]/mandat[10]/infosQualite[1]/libQualiteSex[1];mandats[1]/mandat[10]/organes[1];mandats[1]/mandat[10]/organes[1]/organeRef[1];mandats[1]/mandat[11];mandats[1]/mandat[11]@xsi:type;mandats[1]/mandat[11]/uid[1];mandats[1]/mandat[11]/acteurRef[1];mandats[1]/mandat[11]/legislature[1];mandats[1]/mandat[11]/typeOrgane[1];mandats[1]/mandat[11]/dateDebut[1];mandats[1]/mandat[11]/datePublication[1];mandats[1]/mandat[11]/dateFin[1];mandats[1]/mandat[11]/preseance[1];mandats[1]/mandat[11]/nominPrincipale[1];mandats[1]/mandat[11]/infosQualite[1];mandats[1]/mandat[11]/infosQualite[1]/codeQualite[1];mandats[1]/mandat[11]/infosQualite[1]/libQualite[1];mandats[1]/mandat[11]/infosQualite[1]/libQualiteSex[1];mandats[1]/mandat[11]/organes[1];mandats[1]/mandat[11]/organes[1]/organeRef[1];mandats[1]/mandat[12];mandats[1]/mandat[12]@xsi:type;mandats[1]/mandat[12]/uid[1];mandats[1]/mandat[12]/acteurRef[1];mandats[1]/mandat[12]/legislature[1];mandats[1]/mandat[12]/typeOrgane[1];mandats[1]/mandat[12]/dateDebut[1];mandats[1]/mandat[12]/datePublication[1];mandats[1]/mandat[12]/dateFin[1];mandats[1]/mandat[12]/preseance[1];mandats[1]/mandat[12]/nominPrincipale[1];mandats[1]/mandat[12]/infosQualite[1];mandats[1]/mandat[12]/infosQualite[1]/codeQualite[1];mandats[1]/mandat[12]/infosQualite[1]/libQualite[1];mandats[1]/mandat[12]/infosQualite[1]/libQualiteSex[1];mandats[1]/mandat[12]/organes[1];mandats[1]/mandat[12]/organes[1]/organeRef[1];mandats[1]/mandat[13];mandats[1]/mandat[13]@xsi:type;mandats[1]/mandat[13]/uid[1];mandats[1]/mandat[13]/acteurRef[1];mandats[1]/mandat[13]/legislature[1];mandats[1]/mandat[13]/typeOrgane[1];mandats[1]/mandat[13]/dateDebut[1];mandats[1]/mandat[13]/datePublication[1];mandats[1]/mandat[13]/dateFin[1];mandats[1]/mandat[13]/preseance[1];mandats[1]/mandat[13]/nominPrincipale[1];mandats[1]/mandat[13]/infosQualite[1];mandats[1]/mandat[13]/infosQualite[1]/codeQualite[1];mandats[1]/mandat[13]/infosQualite[1]/libQualite[1];mandats[1]/mandat[13]/infosQualite[1]/libQualiteSex[1];mandats[1]/mandat[13]/organes[1];mandats[1]/mandat[13]/organes[1]/organeRef[1];mandats[1]/mandat[14];mandats[1]/mandat[14]@xsi:type;mandats[1]/mandat[14]/uid[1];mandats[1]/mandat[14]/acteurRef[1];mandats[1]/mandat[14]/legislature[1];mandats[1]/mandat[14]/typeOrgane[1];mandats[1]/mandat[14]/dateDebut[1];mandats[1]/mandat[14]/datePublication[1];mandats[1]/mandat[14]/dateFin[1];mandats[1]/mandat[14]/preseance[1];mandats[1]/mandat[14]/nominPrincipale[1];mandats[1]/mandat[14]/infosQualite[1];mandats[1]/mandat[14]/infosQualite[1]/codeQualite[1];mandats[1]/mandat[14]/infosQualite[1]/libQualite[1];mandats[1]/mandat[14]/infosQualite[1]/libQualiteSex[1];mandats[1]/mandat[14]/organes[1];mandats[1]/mandat[14]/organes[1]/organeRef[1];mandats[1]/mandat[15];mandats[1]/mandat[15]@xsi:type;mandats[1]/mandat[15]/uid[1];mandats[1]/mandat[15]/acteurRef[1];mandats[1]/mandat[15]/legislature[1];mandats[1]/mandat[15]/typeOrgane[1];mandats[1]/mandat[15]/dateDebut[1];mandats[1]/mandat[15]/datePublication[1];mandats[1]/mandat[15]/dateFin[1];mandats[1]/mandat[15]/preseance[1];mandats[1]/mandat[15]/nominPrincipale[1];mandats[1]/mandat[15]/infosQualite[1];mandats[1]/mandat[15]/infosQualite[1]/codeQualite[1];mandats[1]/mandat[15]/infosQualite[1]/libQualite[1];mandats[1]/mandat[15]/infosQualite[1]/libQualiteSex[1];mandats[1]/mandat[15]/organes[1];mandats[1]/mandat[15]/organes[1]/organeRef[1];mandats[1]/mandat[16];mandats[1]/mandat[16]@xsi:type;mandats[1]/mandat[16]/uid[1];mandats[1]/mandat[16]/acteurRef[1];mandats[1]/mandat[16]/legislature[1];mandats[1]/mandat[16]/typeOrgane[1];mandats[1]/mandat[16]/dateDebut[1];mandats[1]/mandat[16]/datePublication[1];mandats[1]/mandat[16]/dateFin[1];mandats[1]/mandat[16]/preseance[1];mandats[1]/mandat[16]/nominPrincipale[1];mandats[1]/mandat[16]/infosQualite[1];mandats[1]/mandat[16]/infosQualite[1]/codeQualite[1];mandats[1]/mandat[16]/infosQualite[1]/libQualite[1];mandats[1]/mandat[16]/infosQualite[1]/libQualiteSex[1];mandats[1]/mandat[16]/organes[1];mandats[1]/mandat[16]/organes[1]/organeRef[1];mandats[1]/mandat[17];mandats[1]/mandat[17]@xsi:type;mandats[1]/mandat[17]/uid[1];mandats[1]/mandat[17]/acteurRef[1];mandats[1]/mandat[17]/legislature[1];mandats[1]/mandat[17]/typeOrgane[1];mandats[1]/mandat[17]/dateDebut[1];mandats[1]/mandat[17]/datePublication[1];mandats[1]/mandat[17]/dateFin[1];mandats[1]/mandat[17]/preseance[1];mandats[1]/mandat[17]/nominPrincipale[1];mandats[1]/mandat[17]/infosQualite[1];mandats[1]/mandat[17]/infosQualite[1]/codeQualite[1];mandats[1]/mandat[17]/infosQualite[1]/libQualite[1];mandats[1]/mandat[17]/infosQualite[1]/libQualiteSex[1];mandats[1]/mandat[17]/organes[1];mandats[1]/mandat[17]/organes[1]/organeRef[1];mandats[1]/mandat[18];mandats[1]/mandat[18]@xsi:type;mandats[1]/mandat[18]/uid[1];mandats[1]/mandat[18]/acteurRef[1];mandats[1]/mandat[18]/legislature[1];mandats[1]/mandat[18]/typeOrgane[1];mandats[1]/mandat[18]/dateDebut[1];mandats[1]/mandat[18]/datePublication[1];mandats[1]/mandat[18]/dateFin[1];mandats[1]/mandat[18]/preseance[1];mandats[1]/mandat[18]/nominPrincipale[1];mandats[1]/mandat[18]/infosQualite[1];mandats[1]/mandat[18]/infosQualite[1]/codeQualite[1];mandats[1]/mandat[18]/infosQualite[1]/libQualite[1];mandats[1]/mandat[18]/infosQualite[1]/libQualiteSex[1];mandats[1]/mandat[18]/organes[1];mandats[1]/mandat[18]/organes[1]/organeRef[1];mandats[1]/mandat[19];mandats[1]/mandat[19]@xsi:type;mandats[1]/mandat[19]/uid[1];mandats[1]/mandat[19]/acteurRef[1];mandats[1]/mandat[19]/legislature[1];mandats[1]/mandat[19]/typeOrgane[1];mandats[1]/mandat[19]/dateDebut[1];mandats[1]/mandat[19]/datePublication[1];mandats[1]/mandat[19]/dateFin[1];mandats[1]/mandat[19]/preseance[1];mandats[1]/mandat[19]/nominPrincipale[1];mandats[1]/mandat[19]/infosQualite[1];mandats[1]/mandat[19]/infosQualite[1]/codeQualite[1];mandats[1]/mandat[19]/infosQualite[1]/libQualite[1];mandats[1]/mandat[19]/infosQualite[1]/libQualiteSex[1];mandats[1]/mandat[19]/organes[1];mandats[1]/mandat[19]/organes[1]/organeRef[1];mandats[1]/mandat[20];mandats[1]/mandat[20]@xsi:type;mandats[1]/mandat[20]/uid[1];mandats[1]/mandat[20]/acteurRef[1];mandats[1]/mandat[20]/legislature[1];mandats[1]/mandat[20]/typeOrgane[1];mandats[1]/mandat[20]/dateDebut[1];mandats[1]/mandat[20]/datePublication[1];mandats[1]/mandat[20]/dateFin[1];mandats[1]/mandat[20]/preseance[1];mandats[1]/mandat[20]/nominPrincipale[1];mandats[1]/mandat[20]/infosQualite[1];mandats[1]/mandat[20]/infosQualite[1]/codeQualite[1];mandats[1]/mandat[20]/infosQualite[1]/libQualite[1];mandats[1]/mandat[20]/infosQualite[1]/libQualiteSex[1];mandats[1]/mandat[20]/organes[1];mandats[1]/mandat[20]/organes[1]/organeRef[1];mandats[1]/mandat[21];mandats[1]/mandat[21]@xsi:type;mandats[1]/mandat[21]/uid[1];mandats[1]/mandat[21]/acteurRef[1];mandats[1]/mandat[21]/legislature[1];mandats[1]/mandat[21]/typeOrgane[1];mandats[1]/mandat[21]/dateDebut[1];mandats[1]/mandat[21]/datePublication[1];mandats[1]/mandat[21]/dateFin[1];mandats[1]/mandat[21]/preseance[1];mandats[1]/mandat[21]/nominPrincipale[1];mandats[1]/mandat[21]/infosQualite[1];mandats[1]/mandat[21]/infosQualite[1]/codeQualite[1];mandats[1]/mandat[21]/infosQualite[1]/libQualite[1];mandats[1]/mandat[21]/infosQualite[1]/libQualiteSex[1];mandats[1]/mandat[21]/organes[1];mandats[1]/mandat[21]/organes[1]/organeRef[1];mandats[1]/mandat[22];mandats[1]/mandat[22]@xsi:type;mandats[1]/mandat[22]/uid[1];mandats[1]/mandat[22]/acteurRef[1];mandats[1]/mandat[22]/legislature[1];mandats[1]/mandat[22]/typeOrgane[1];mandats[1]/mandat[22]/dateDebut[1];mandats[1]/mandat[22]/datePublication[1];mandats[1]/mandat[22]/dateFin[1];mandats[1]/mandat[22]/preseance[1];mandats[1]/mandat[22]/nominPrincipale[1];mandats[1]/mandat[22]/infosQualite[1];mandats[1]/mandat[22]/infosQualite[1]/codeQualite[1];mandats[1]/mandat[22]/infosQualite[1]/libQualite[1];mandats[1]/mandat[22]/infosQualite[1]/libQualiteSex[1];mandats[1]/mandat[22]/organes[1];mandats[1]/mandat[22]/organes[1]/organeRef[1];mandats[1]/mandat[23];mandats[1]/mandat[23]@xsi:type;mandats[1]/mandat[23]/uid[1];mandats[1]/mandat[23]/acteurRef[1];mandats[1]/mandat[23]/legislature[1];mandats[1]/mandat[23]/typeOrgane[1];mandats[1]/mandat[23]/dateDebut[1];mandats[1]/mandat[23]/datePublication[1];mandats[1]/mandat[23]/dateFin[1];mandats[1]/mandat[23]/preseance[1];mandats[1]/mandat[23]/nominPrincipale[1];mandats[1]/mandat[23]/infosQualite[1];mandats[1]/mandat[23]/infosQualite[1]/codeQualite[1];mandats[1]/mandat[23]/infosQualite[1]/libQualite[1];mandats[1]/mandat[23]/infosQualite[1]/libQualiteSex[1];mandats[1]/mandat[23]/organes[1];mandats[1]/mandat[23]/organes[1]/organeRef[1];mandats[1]/mandat[24];mandats[1]/mandat[24]@xsi:type;mandats[1]/mandat[24]/uid[1];mandats[1]/mandat[24]/acteurRef[1];mandats[1]/mandat[24]/legislature[1];mandats[1]/mandat[24]/typeOrgane[1];mandats[1]/mandat[24]/dateDebut[1];mandats[1]/mandat[24]/datePublication[1];mandats[1]/mandat[24]/dateFin[1];mandats[1]/mandat[24]/preseance[1];mandats[1]/mandat[24]/nominPrincipale[1];mandats[1]/mandat[24]/infosQualite[1];mandats[1]/mandat[24]/infosQualite[1]/codeQualite[1];mandats[1]/mandat[24]/infosQualite[1]/libQualite[1];mandats[1]/mandat[24]/infosQualite[1]/libQualiteSex[1];mandats[1]/mandat[24]/organes[1];mandats[1]/mandat[24]/organes[1]/organeRef[1];mandats[1]/mandat[25];mandats[1]/mandat[25]@xsi:type;mandats[1]/mandat[25]/uid[1];mandats[1]/mandat[25]/acteurRef[1];mandats[1]/mandat[25]/legislature[1];mandats[1]/mandat[25]/typeOrgane[1];mandats[1]/mandat[25]/dateDebut[1];mandats[1]/mandat[25]/datePublication[1];mandats[1]/mandat[25]/dateFin[1];mandats[1]/mandat[25]/preseance[1];mandats[1]/mandat[25]/nominPrincipale[1];mandats[1]/mandat[25]/infosQualite[1];mandats[1]/mandat[25]/infosQualite[1]/codeQualite[1];mandats[1]/mandat[25]/infosQualite[1]/libQualite[1];mandats[1]/mandat[25]/infosQualite[1]/libQualiteSex[1];mandats[1]/mandat[25]/organes[1];mandats[1]/mandat[25]/organes[1]/organeRef[1];mandats[1]/mandat[26];mandats[1]/mandat[26]@xsi:type;mandats[1]/mandat[26]/uid[1];mandats[1]/mandat[26]/acteurRef[1];mandats[1]/mandat[26]/legislature[1];mandats[1]/mandat[26]/typeOrgane[1];mandats[1]/mandat[26]/dateDebut[1];mandats[1]/mandat[26]/datePublication[1];mandats[1]/mandat[26]/dateFin[1];mandats[1]/mandat[26]/preseance[1];mandats[1]/mandat[26]/nominPrincipale[1];mandats[1]/mandat[26]/infosQualite[1];mandats[1]/mandat[26]/infosQualite[1]/codeQualite[1];mandats[1]/mandat[26]/infosQualite[1]/libQualite[1];mandats[1]/mandat[26]/infosQualite[1]/libQualiteSex[1];mandats[1]/mandat[26]/organes[1];mandats[1]/mandat[26]/organes[1]/organeRef[1];mandats[1]/mandat[27];mandats[1]/mandat[27]@xsi:type;mandats[1]/mandat[27]/uid[1];mandats[1]/mandat[27]/acteurRef[1];mandats[1]/mandat[27]/legislature[1];mandats[1]/mandat[27]/typeOrgane[1];mandats[1]/mandat[27]/dateDebut[1];mandats[1]/mandat[27]/datePublication[1];mandats[1]/mandat[27]/dateFin[1];mandats[1]/mandat[27]/preseance[1];mandats[1]/mandat[27]/nominPrincipale[1];mandats[1]/mandat[27]/infosQualite[1];mandats[1]/mandat[27]/infosQualite[1]/codeQualite[1];mandats[1]/mandat[27]/infosQualite[1]/libQualite[1];mandats[1]/mandat[27]/infosQualite[1]/libQualiteSex[1];mandats[1]/mandat[27]/organes[1];mandats[1]/mandat[27]/organes[1]/organeRef[1];mandats[1]/mandat[28];mandats[1]/mandat[28]@xsi:type;mandats[1]/mandat[28]/uid[1];mandats[1]/mandat[28]/acteurRef[1];mandats[1]/mandat[28]/legislature[1];mandats[1]/mandat[28]/typeOrgane[1];mandats[1]/mandat[28]/dateDebut[1];mandats[1]/mandat[28]/datePublication[1];mandats[1]/mandat[28]/dateFin[1];mandats[1]/mandat[28]/preseance[1];mandats[1]/mandat[28]/nominPrincipale[1];mandats[1]/mandat[28]/infosQualite[1];mandats[1]/mandat[28]/infosQualite[1]/codeQualite[1];mandats[1]/mandat[28]/infosQualite[1]/libQualite[1];mandats[1]/mandat[28]/infosQualite[1]/libQualiteSex[1];mandats[1]/mandat[28]/organes[1];mandats[1]/mandat[28]/organes[1]/organeRef[1];mandats[1]/mandat[28]/libelle[1];mandats[1]/mandat[28]/missionSuivanteRef[1];mandats[1]/mandat[28]/missionPrecedenteRef[1];mandats[1]/mandat[29];mandats[1]/mandat[29]@xsi:type;mandats[1]/mandat[29]/uid[1];mandats[1]/mandat[29]/acteurRef[1];mandats[1]/mandat[29]/legislature[1];mandats[1]/mandat[29]/typeOrgane[1];mandats[1]/mandat[29]/dateDebut[1];mandats[1]/mandat[29]/datePublication[1];mandats[1]/mandat[29]/dateFin[1];mandats[1]/mandat[29]/preseance[1];mandats[1]/mandat[29]/nominPrincipale[1];mandats[1]/mandat[29]/infosQualite[1];mandats[1]/mandat[29]/infosQualite[1]/codeQualite[1];mandats[1]/mandat[29]/infosQualite[1]/libQualite[1];mandats[1]/mandat[29]/infosQualite[1]/libQualiteSex[1];mandats[1]/mandat[29]/organes[1];mandats[1]/mandat[29]/organes[1]/organeRef[1];mandats[1]/mandat[30];mandats[1]/mandat[30]@xsi:type;mandats[1]/mandat[30]/uid[1];mandats[1]/mandat[30]/acteurRef[1];mandats[1]/mandat[30]/legislature[1];mandats[1]/mandat[30]/typeOrgane[1];mandats[1]/mandat[30]/dateDebut[1];mandats[1]/mandat[30]/datePublication[1];mandats[1]/mandat[30]/dateFin[1];mandats[1]/mandat[30]/preseance[1];mandats[1]/mandat[30]/nominPrincipale[1];mandats[1]/mandat[30]/infosQualite[1];mandats[1]/mandat[30]/infosQualite[1]/codeQualite[1];mandats[1]/mandat[30]/infosQualite[1]/libQualite[1];mandats[1]/mandat[30]/infosQualite[1]/libQualiteSex[1];mandats[1]/mandat[30]/organes[1];mandats[1]/mandat[30]/organes[1]/organeRef[1];mandats[1]/mandat[31];mandats[1]/mandat[31]@xsi:type;mandats[1]/mandat[31]/uid[1];mandats[1]/mandat[31]/acteurRef[1];mandats[1]/mandat[31]/legislature[1];mandats[1]/mandat[31]/typeOrgane[1];mandats[1]/mandat[31]/dateDebut[1];mandats[1]/mandat[31]/datePublication[1];mandats[1]/mandat[31]/dateFin[1];mandats[1]/mandat[31]/preseance[1];mandats[1]/mandat[31]/nominPrincipale[1];mandats[1]/mandat[31]/infosQualite[1];mandats[1]/mandat[31]/infosQualite[1]/codeQualite[1];mandats[1]/mandat[31]/infosQualite[1]/libQualite[1];mandats[1]/mandat[31]/infosQualite[1]/libQualiteSex[1];mandats[1]/mandat[31]/organes[1];mandats[1]/mandat[31]/organes[1]/organeRef[1];mandats[1]/mandat[32];mandats[1]/mandat[32]@xsi:type;mandats[1]/mandat[32]/uid[1];mandats[1]/mandat[32]/acteurRef[1];mandats[1]/mandat[32]/legislature[1];mandats[1]/mandat[32]/typeOrgane[1];mandats[1]/mandat[32]/dateDebut[1];mandats[1]/mandat[32]/datePublication[1];mandats[1]/mandat[32]/dateFin[1];mandats[1]/mandat[32]/preseance[1];mandats[1]/mandat[32]/nominPrincipale[1];mandats[1]/mandat[32]/infosQualite[1];mandats[1]/mandat[32]/infosQualite[1]/codeQualite[1];mandats[1]/mandat[32]/infosQualite[1]/libQualite[1];mandats[1]/mandat[32]/infosQualite[1]/libQualiteSex[1];mandats[1]/mandat[32]/organes[1];mandats[1]/mandat[32]/organes[1]/organeRef[1];mandats[1]/mandat[32]/libelle[1];mandats[1]/mandat[32]/missionSuivanteRef[1];mandats[1]/mandat[32]/missionPrecedenteRef[1];mandats[1]/mandat[33];mandats[1]/mandat[33]@xsi:type;mandats[1]/mandat[33]/uid[1];mandats[1]/mandat[33]/acteurRef[1];mandats[1]/mandat[33]/legislature[1];mandats[1]/mandat[33]/typeOrgane[1];mandats[1]/mandat[33]/dateDebut[1];mandats[1]/mandat[33]/datePublication[1];mandats[1]/mandat[33]/dateFin[1];mandats[1]/mandat[33]/preseance[1];mandats[1]/mandat[33]/nominPrincipale[1];mandats[1]/mandat[33]/infosQualite[1];mandats[1]/mandat[33]/infosQualite[1]/codeQualite[1];mandats[1]/mandat[33]/infosQualite[1]/libQualite[1];mandats[1]/mandat[33]/infosQualite[1]/libQualiteSex[1];mandats[1]/mandat[33]/organes[1];mandats[1]/mandat[33]/organes[1]/organeRef[1];mandats[1]/mandat[34];mandats[1]/mandat[34]@xsi:type;mandats[1]/mandat[34]/uid[1];mandats[1]/mandat[34]/acteurRef[1];mandats[1]/mandat[34]/legislature[1];mandats[1]/mandat[34]/typeOrgane[1];mandats[1]/mandat[34]/dateDebut[1];mandats[1]/mandat[34]/datePublication[1];mandats[1]/mandat[34]/dateFin[1];mandats[1]/mandat[34]/preseance[1];mandats[1]/mandat[34]/nominPrincipale[1];mandats[1]/mandat[34]/infosQualite[1];mandats[1]/mandat[34]/infosQualite[1]/codeQualite[1];mandats[1]/mandat[34]/infosQualite[1]/libQualite[1];mandats[1]/mandat[34]/infosQualite[1]/libQualiteSex[1];mandats[1]/mandat[34]/organes[1];mandats[1]/mandat[34]/organes[1]/organeRef[1];mandats[1]/mandat[35];mandats[1]/mandat[35]@xsi:type;mandats[1]/mandat[35]/uid[1];mandats[1]/mandat[35]/acteurRef[1];mandats[1]/mandat[35]/legislature[1];mandats[1]/mandat[35]/typeOrgane[1];mandats[1]/mandat[35]/dateDebut[1];mandats[1]/mandat[35]/datePublication[1];mandats[1]/mandat[35]/dateFin[1];mandats[1]/mandat[35]/preseance[1];mandats[1]/mandat[35]/nominPrincipale[1];mandats[1]/mandat[35]/infosQualite[1];mandats[1]/mandat[35]/infosQualite[1]/codeQualite[1];mandats[1]/mandat[35]/infosQualite[1]/libQualite[1];mandats[1]/mandat[35]/infosQualite[1]/libQualiteSex[1];mandats[1]/mandat[35]/organes[1];mandats[1]/mandat[35]/organes[1]/organeRef[1]
;PA722190;IdActeur_type;;;M.;Gabriel;Attal;Attal;GAT;;1989-03-16;Clamart;Hauts-de-Seine;France;;;Consultant;;Cadres d'entreprise;Cadres et professions intellectuelles supérieures;https://www.hatvp.fr/pages_nominatives/attal-gabriel;;;AdressePostale_Type;AD722192;0;Adresse officielle;1;;Assemblée nationale,;126;Rue de l'Université,;;75355;Paris 07 SP;;AdresseSiteWeb_Type;AD726740;22;Site internet;;;www.gabrielattal.fr;;AdresseSiteWeb_Type;AD726786;24;Twitter;;;@GabrielAttal;;AdresseMail_Type;AD728327;15;Mèl;;;gabriel.attal@assemblee-nationale.fr;;;MandatParlementaire_type;PM723498;PA722190;15;ASSEMBLEE;2017-06-18;;;50;1;;membre;membre;membre;;PO717460;;;2017-06-18;;PA722194;;;;Ile-de-France;Métropolitain;Hauts-de-Seine;92;10;élections générales;PO718420;;2017-06-21;;0;453;;;;Mme;Tess;Indycki;;;;M.;David;Daoulas;;;;MandatSimple_Type;PM731265;PA722190;15;GP;2017-06-27;2017-06-28;;20;1;;Membre;Membre du;Membre du;;PO730964;;MandatSimple_Type;PM731903;PA722190;15;COMPER;2017-06-29;2017-06-29;;32;1;;Membre;Membre;Membre;;PO419604;;MandatSimple_Type;PM738518;PA722190;15;ORGEXTPARL;2017-10-09;2017-10-10;2017-11-09;20;1;;Titulaire;Membre titulaire;Membre titulaire;;PO424150;;MandatSimple_Type;PM724790;PA722190;15;GP;2017-06-21;;2017-06-26;28;1;;Député non-inscrit;Député non-inscrit;Député non-inscrit;;PO723569;;MandatSimple_Type;PM753436;PA722190;15;GE;2018-03-14;;;20;1;;Membre;Membre;Membre;;PO746997;;MandatSimple_Type;PM749354;PA722190;15;CMP;2018-02-12;2018-02-10;2018-02-15;20;1;;Titulaire;Membre titulaire;Membre titulaire;;PO749252;;MandatSimple_Type;PM752357;PA722190;15;GE;2018-03-05;;;20;1;;Membre;Membre;Membre;;PO747246;;MandatSimple_Type;PM751464;PA722190;15;GE;2018-02-21;;;20;1;;Membre;Membre;Membre;;PO746644;;MandatSimple_Type;PM751130;PA722190;15;GE;2018-02-19;;;20;0;;Membre;Membre;Membre;;PO746684;;MandatSimple_Type;PM751036;PA722190;15;GE;2018-02-19;;;20;1;;Membre;Membre;Membre;;PO746880;;MandatSimple_Type;PM750853;PA722190;15;GE;2018-02-19;;;20;1;;Membre;Membre;Membre;;PO746768;;MandatSimple_Type;PM750744;PA722190;15;GE;2018-02-16;;;20;1;;Membre;Membre;Membre;;PO746847;;MandatSimple_Type;PM750627;PA722190;15;GE;2018-02-15;;;20;1;;Membre;Membre;Membre;;PO747261;;MandatSimple_Type;PM750568;PA722190;15;CMP;2018-02-16;2018-02-16;2018-03-15;20;1;;Titulaire;Membre titulaire;Membre titulaire;;PO749105;;MandatSimple_Type;PM750553;PA722190;15;GE;2018-02-12;;;20;1;;Membre;Membre;Membre;;PO746857;;MandatSimple_Type;PM750383;PA722190;15;GE;2018-02-14;;;20;1;;Membre;Membre;Membre;;PO746885;;MandatSimple_Type;PM749536;PA722190;15;CMP;2018-02-13;2018-02-14;2018-02-15;16;1;;Rapporteur;Rapporteur;Rapporteur;;PO749252;;MandatSimple_Type;PM739881;PA722190;15;GA;2017-10-13;;;20;1;;Membre;Membre;Membre;;PO733057;;MandatSimple_Type;PM739882;PA722190;15;GA;2017-10-13;;;20;1;;Membre;Membre;Membre;;PO733072;;MandatSimple_Type;PM739887;PA722190;15;GA;2017-10-13;;;20;1;;Membre;Membre;Membre;;PO733517;;MandatSimple_Type;PM739884;PA722190;15;GA;2017-10-13;;;20;0;;Membre;Membre;Membre;;PO733342;;MandatSimple_Type;PM739885;PA722190;15;GA;2017-10-13;;;20;1;;Membre;Membre;Membre;;PO733382;;MandatSimple_Type;PM739886;PA722190;15;GA;2017-10-13;;;20;1;;Membre;Membre;Membre;;PO733387;;MandatSimple_Type;PM739883;PA722190;15;GA;2017-10-13;;;20;1;;Membre;Membre;Membre;;PO733307;;MandatSimple_Type;PM739889;PA722190;15;GA;2017-10-13;;;20;1;;Membre;Membre;Membre;;PO733617;;MandatSimple_Type;PM739888;PA722190;15;GA;2017-10-13;;;20;1;;Membre;Membre;Membre;;PO733567;;MandatMission_Type;PM741961;PA722190;15;MISINFO;2017-09-27;;;10;1;;Membre;Membre;Membre;;PO741916;;;;;MandatSimple_Type;PM742313;PA722190;15;GA;2017-10-31;;;20;1;;Membre;Membre;Membre;;PO732969;;MandatSimple_Type;PM742922;PA722190;15;GA;2017-11-09;;;8;1;;Vice-Président;Vice-Président;Vice-Président;;PO733342;;MandatSimple_Type;PM744961;PA722190;;PARPOL;2017-12-01;;;5;1;;Membre;Membre;Membre;;PO744854;;MandatMission_Type;PM748329;PA722190;15;MISINFO;2018-01-31;;;10;1;;Membre;Membre;Membre;;PO748305;;;;;MandatSimple_Type;PM755829;PA722190;15;GE;2018-04-23;;;8;1;;Vice-Président;Vice-Président;Vice-Président;;PO746684;;MandatSimple_Type;PM757103;PA722190;15;ORGEXTPARL;2018-06-04;2018-06-05;;20;1;;Titulaire;Membre titulaire;Membre titulaire;;PO756933;;MandatSimple_Type;PM758069;PA722190;15;CMP;2018-07-16;2018-07-17;2018-07-30;20;1;;Titulaire;Membre titulaire;Membre titulaire;;PO758043
